1000 0.8 0.01 0.0008
1000 0.8 0.5 0.07
1000 0.8 0.99 0.099
1000 0.895 0.01 0.0012
1000 0.895 0.5 0.055
1000 0.895 0.99 0.1485
1000 0.99 0.01 0.001
1000 0.99 0.5 0.065
1000 0.99 0.99 0.0792
5500 0.8 0.01 0.0008
5500 0.8 0.5 0.035
5500 0.8 0.99 0.0693
5500 0.895 0.01 0.0006
5500 0.895 0.5 0.02
5500 0.895 0.99 0.0693
5500 0.99 0.01 0.0006
5500 0.99 0.5 0.02
5500 0.99 0.99 0.0495
10000 0.8 0.01 0.0009
10000 0.8 0.5 0.03
10000 0.8 0.99 0.0693
10000 0.895 0.01 0.0007
10000 0.895 0.5 0.03
10000 0.895 0.99 0.0792
10000 0.99 0.01 0.0005
10000 0.99 0.5 0.02
10000 0.99 0.99 0.0445