200 2 2 0.6
200 2 2 0.79
200 2 2 0.99
200 2 11 0.6
200 2 11 0.79
200 2 11 0.99
200 2 20 0.6
200 2 20 0.79
200 2 20 0.99
200 5 2 0.6
200 5 2 0.79
200 5 2 0.99
200 5 11 0.6
200 5 11 0.79
200 5 11 0.99
200 5 20 0.6
200 5 20 0.79
200 5 20 0.99
200 8 2 0.6
200 8 2 0.79
200 8 2 0.99
200 8 11 0.6
200 8 11 0.79
200 8 11 0.99
200 8 20 0.6
200 8 20 0.79
200 8 20 0.99
500 2 2 0.6
500 2 2 0.79
500 2 2 0.99
500 2 11 0.6
500 2 11 0.79
500 2 11 0.99
500 2 20 0.6
500 2 20 0.79
500 2 20 0.99
500 5 2 0.6
500 5 2 0.79
500 5 2 0.99
500 5 11 0.6
500 5 11 0.79
500 5 11 0.99
500 5 20 0.6
500 5 20 0.79
500 5 20 0.99
500 8 2 0.6
500 8 2 0.79
500 8 2 0.99
500 8 11 0.6
500 8 11 0.79
500 8 11 0.99
500 8 20 0.6
500 8 20 0.79
500 8 20 0.99
800 2 2 0.6
800 2 2 0.79
800 2 2 0.99
800 2 11 0.6
800 2 11 0.79
800 2 11 0.99
800 2 20 0.6
800 2 20 0.79
800 2 20 0.99
800 5 2 0.6
800 5 2 0.79
800 5 2 0.99
800 5 11 0.6
800 5 11 0.79
800 5 11 0.99
800 5 20 0.6
800 5 20 0.79
800 5 20 0.99
800 8 2 0.6
800 8 2 0.79
800 8 2 0.99
800 8 11 0.6
800 8 11 0.79
800 8 11 0.99
800 8 20 0.6
800 8 20 0.79
800 8 20 0.99
