200 2 2 0.6 0.048
200 2 2 0.79 0.0316
200 2 2 0.99 0.0099
200 2 11 0.6 0.03
200 2 11 0.79 0.0474
200 2 11 0.99 0.0396
200 2 20 0.6 0.012
200 2 20 0.79 0.0158
200 2 20 0.99 0.0396
200 5 2 0.6 0
200 5 2 0.79 0.0316
200 5 2 0.99 0.0297
200 5 11 0.6 0
200 5 11 0.79 0.0395
200 5 11 0.99 0.0198
200 5 20 0.6 0.018
200 5 20 0.79 0
200 5 20 0.99 0.0198
200 8 2 0.6 0.018
200 8 2 0.79 0
200 8 2 0.99 0
200 8 11 0.6 0.006
200 8 11 0.79 0.0079
200 8 11 0.99 0.0099
200 8 20 0.6 0
200 8 20 0.79 0
200 8 20 0.99 0
500 2 2 0.6 0.018
500 2 2 0.79 0.0474
500 2 2 0.99 0.0594
500 2 11 0.6 0.072
500 2 11 0.79 0.0237
500 2 11 0.99 0.0297
500 2 20 0.6 0.024
500 2 20 0.79 0.0553
500 2 20 0.99 0.0396
500 5 2 0.6 0.006
500 5 2 0.79 0.0079
500 5 2 0.99 0.0297
500 5 11 0.6 0.012
500 5 11 0.79 0.0316
500 5 11 0.99 0.0297
500 5 20 0.6 0.012
500 5 20 0.79 0.0079
500 5 20 0.99 0
500 8 2 0.6 0.006
500 8 2 0.79 0.0079
500 8 2 0.99 0
500 8 11 0.6 0.012
500 8 11 0.79 0
500 8 11 0.99 0
500 8 20 0.6 0
500 8 20 0.79 0.0158
500 8 20 0.99 0.0297
800 2 2 0.6 0.078
800 2 2 0.79 0.0474
800 2 2 0.99 0.0693
800 2 11 0.6 0.048
800 2 11 0.79 0.0316
800 2 11 0.99 0.0297
800 2 20 0.6 0.06
800 2 20 0.79 0.0237
800 2 20 0.99 0.0297
800 5 2 0.6 0
800 5 2 0.79 0.0316
800 5 2 0.99 0
800 5 11 0.6 0.012
800 5 11 0.79 0.0158
800 5 11 0.99 0.0297
800 5 20 0.6 0.006
800 5 20 0.79 0.0158
800 5 20 0.99 0.0198
800 8 2 0.6 0.006
800 8 2 0.79 0
800 8 2 0.99 0
800 8 11 0.6 0
800 8 11 0.79 0.0079
800 8 11 0.99 0.0099
800 8 20 0.6 0.006
800 8 20 0.79 0.0079
800 8 20 0.99 0.0198